60667
23404
8625
32359
25944
62212
61684
12075
65468
53994
42014
64386
37457
48937
3117
17343
23590
33520
59158
23302
40970
64158
46447
20377
62611
17952
3175
19746
22435
43414
61493
31665
60979
46229
30568
52722
29732
56211
4312
19127
14740
18448
15915
20339
13451
56065
1530
19516
16306
31236
42347
6634
61013
556
733
38560
6418
44878
30310
5660
25626
43509
45492
40157
36505
60005
37268
25034
3519
17573
7885
63121
63877
63854
27076
31613
6250
7869
58685
762
27935
53657
41094
1129
44979
26874
46488
4977
14266
9990
12530
22697
3337
7659
53367
20761
46812
18663
59632
14134
35140
32711
26768
26663
32296
21262
29699
49773
13184
59104
63964
5604
46194
65014
4142
41514
33721
39853
46130
17751
12631
33414
58335
51889
28414
3924
9424
52719
58547
37621
25968
49349
1050
17104
51531
19645
32443
60460
64658
52441
32556
24803
36374
57607
1833
39140
40931
59459
50612
61522
7681
48937
6702
17017
39394
17678
60202
15092
20093
12204
61752
22444
65006
4073
23399
58805
42298
54446
51220
19425
74
26562
32979
62213
17476
773
31232
35776
48751
1509
56413
19597
23991
44034